Ambiguity between C1, C8, C9, C10
Corresponding shifts: 18.70, 23.60, 25.50, 26.10
Mapping 4 distributions on 4 shifts (9 possible assignments)
    C1         18.70         18.70         23.60         23.60         25.50         18.70         25.50         23.60         25.50
    C8         26.10         25.50         26.10         25.50         26.10         23.60         23.60         18.70         18.70
C9/C10   23.60/25.50   23.60/26.10   18.70/25.50   18.70/26.10   18.70/23.60   25.50/26.10   18.70/26.10   25.50/26.10   23.60/26.10
     P  31.97203782%  22.15152685%  17.83409863%  12.35618814%   9.46005193%   4.78664354%   1.41629685%   0.01513037%   0.00802587%

Ambiguity between C2, C3, C4, C5, C6, C7
Corresponding shifts: 126.30, 131.70, 138.40, 150.20, 116.90, 123.60
Mapping 6 distributions on 6 shifts (49 possible assignments)
    C2        138.40        138.40        138.40        138.40        138.40        138.40        138.40        138.40        131.70        150.20        131.70        131.70        150.20        138.40        150.20        150.20        138.40        138.40        150.20        126.30        138.40        150.20        131.70        126.30        150.20        131.70        126.30        150.20        138.40        131.70        131.70        126.30        138.40        150.20        131.70        126.30        150.20        131.70        150.20        150.20        126.30        126.30        131.70        150.20        126.30        150.20        131.70        126.30        131.70
    C3        116.90        116.90        116.90        116.90        116.90        116.90        123.60        123.60        116.90        116.90        116.90        116.90        116.90        126.30        116.90        116.90        126.30        123.60        116.90        116.90        123.60        116.90        116.90        116.90        123.60        123.60        116.90        123.60        126.30        116.90        123.60        116.90        126.30        126.30        116.90        123.60        126.30        126.30        123.60        123.60        116.90        123.60        126.30        126.30        116.90        126.30        123.60        123.60        126.30
    C4        150.20        150.20        150.20        150.20        150.20        150.20        150.20        150.20        150.20        138.40        150.20        150.20        138.40        150.20        138.40        138.40        150.20        150.20        138.40        150.20        150.20        138.40        150.20        150.20        138.40        150.20        150.20        138.40        150.20        138.40        150.20        150.20        150.20        138.40        138.40        150.20        138.40        150.20        138.40        138.40        138.40        150.20        150.20        138.40        138.40        138.40        138.40        138.40        138.40
    C5        123.60        123.60        131.70        126.30        126.30        131.70        116.90        116.90        138.40        123.60        123.60        138.40        123.60        116.90        131.70        126.30        116.90        131.70        126.30        138.40        126.30        131.70        126.30        138.40        116.90        116.90        123.60        116.90        123.60        150.20        138.40        131.70        131.70        116.90        150.20        116.90        116.90        116.90        131.70        126.30        150.20        138.40        138.40        123.60        150.20        131.70        150.20        150.20        150.20
    C6        131.70        126.30        123.60        123.60        131.70        126.30        131.70        126.30        123.60        131.70        138.40        126.30        126.30        123.60        123.60        123.60        131.70        116.90        131.70        123.60        116.90        126.30        138.40        131.70        131.70        138.40        138.40        126.30        116.90        123.60        116.90        138.40        116.90        123.60        126.30        138.40        131.70        138.40        116.90        116.90        123.60        116.90        116.90        116.90        131.70        116.90        116.90        116.90        116.90
    C7        126.30        131.70        126.30        131.70        123.60        123.60        126.30        131.70        126.30        126.30        126.30        123.60        131.70        131.70        126.30        131.70        123.60        126.30        123.60        131.70        131.70        123.60        123.60        123.60        126.30        126.30        131.70        131.70        131.70        126.30        126.30        123.60        123.60        131.70        123.60        131.70        123.60        123.60        126.30        131.70        131.70        131.70        123.60        131.70        123.60        123.60        126.30        131.70        123.60
     P  33.35246845%  22.72919017%  16.04146238%  12.19636555%    5.0739181%   4.54792147%   1.93590561%   1.31928966%   0.85707578%   0.31225119%   0.25957952%    0.2429899%   0.21279434%   0.18483204%   0.15018276%   0.11418434%   0.07689362%   0.06077983%   0.04750284%   0.04661976%   0.04621106%   0.04257837%   0.03948989%    0.0193947%   0.01812426%   0.01506699%   0.01411956%    0.0123514%   0.01206526%   0.00336583%   0.00324739%   0.00282521%   0.00241416%   0.00173043%   0.00095425%   0.00081955%   0.00071989%   0.00059846%   0.00056903%   0.00043264%   0.00018308%   0.00017664%   0.00012899%   0.00011296%    7.617e-05%     2.26e-05%    1.275e-05%      6.9e-07%      5.1e-07%

